% -------------------------------------------------------------------
%  Generated by MATLAB on 20-May-2021 00:11:37
%  MATLAB version: 9.6.0.1072779 (R2019a)
% -------------------------------------------------------------------
                                               

q1 = 0;

q2 = 0;

q3 = 0;

q4 = 0;

smiData = struct;
smiData.RigidTransform = struct;
smiData.RigidTransform(1).translation = ...
  [62.5 187 0];
smiData.RigidTransform(1).angle = 2.0943951023931953;
smiData.RigidTransform(1).axis = [-0.57735026918962584 -0.57735026918962584 ...
                                  -0.57735026918962584];
smiData.RigidTransform(1).ID = ['B[_T6_602S_BASE_1_2-1:-:_T6_602S_ARM1_' ...
                                '1_2-1]'];
smiData.RigidTransform(2).translation = ...
  [1.60983489527611E-14 -12.999999999999972 2.4477006064377982E-14];
smiData.RigidTransform(2).angle = 2.0943951023931953;
smiData.RigidTransform(2).axis = [-0.57735026918962584 -0.57735026918962584 ...
                                  -0.57735026918962584];
smiData.RigidTransform(2).ID = ['F[_T6_602S_BASE_1_2-1:-:_T6_602S_ARM1_' ...
                                '1_2-1]'];
smiData.RigidTransform(3).translation = ...
  [0 0 0];
smiData.RigidTransform(3).angle = 2.0943951023931953;
smiData.RigidTransform(3).axis = [-0.57735026918962584 -0.57735026918962584 ...
                                  -0.57735026918962584];
smiData.RigidTransform(3).ID = ['B[_T6_602S_ARM2_1_2-1:-:_T6_602S_SHAFT' ...
                                '_1_2-1]'];
smiData.RigidTransform(4).translation = ...
  [-1.1311037969659571E-13 -221.62103543437706 1.8239722250341164E-14];
smiData.RigidTransform(4).angle = 2.0943951023931957;
smiData.RigidTransform(4).axis = [-0.577350269189626 -0.57735026918962573 ...
                                  -0.57735026918962551];
smiData.RigidTransform(4).ID = ['F[_T6_602S_ARM2_1_2-1:-:_T6_602S_SHAFT' ...
                                '_1_2-1]'];
smiData.RigidTransform(5).translation = ...
  [325.00000000000011 19.999999999999989 0];
smiData.RigidTransform(5).angle = 2.0943951023931953;
smiData.RigidTransform(5).axis = [-0.57735026918962584 -0.57735026918962584 ...
                                  -0.57735026918962584];
smiData.RigidTransform(5).ID = ['B[_T6_602S_ARM1_1_2-1:-:_T6_602S_ARM2_' ...
                                '1_2-1]'];
smiData.RigidTransform(6).translation = ...
  [-275.00000000000188 -45.000000000000142 -1.1226575225009583E-12];
smiData.RigidTransform(6).angle = 2.0943951023931957;
smiData.RigidTransform(6).axis = [-0.577350269189626 -0.57735026918962573 ...
                                  -0.57735026918962551];
smiData.RigidTransform(6).ID = ['F[_T6_602S_ARM1_1_2-1:-:_T6_602S_ARM2_' ...
                                '1_2-1]'];
smiData.RigidTransform(7).translation = ...
  [0 0 0];
smiData.RigidTransform(7).angle = 1.5707963267948968;
smiData.RigidTransform(7).axis = [0 1 0];
smiData.RigidTransform(7).ID = 'RootGround[_T6_602S_BASE_1_2-1]';
smiData.Solid = struct;
smiData.Solid(1).mass = 1.6797076868442242;
smiData.Solid(1).CoM = [0.483742097860432 0.087108972665247225 -4.0376147006621071E-7 ...
                        ];
smiData.Solid(1).MoI = [0.021517071859235813 0.21028787858855696 0.19616137371954676 ...
                        ];
smiData.Solid(1).PoI = [1.1072443367983216E-8 2.6168242184480233E-7 0.0050221999417169325 ...
                        ];
smiData.Solid(1).color = [0.792156862745098 0.81960784313725488 0.93333333333333335 ...
                          ];
smiData.Solid(1).opacity = 1;
smiData.Solid(1).ID = '_T6_602S_ARM1_1_2*:*Default';
smiData.Solid(2).mass = 7.5355254400012717;
smiData.Solid(2).CoM = [-0.50966012260498172 0.25294858525786335 2.3924072446086992E-5 ...
                        ];
smiData.Solid(2).MoI = [0.34156717235869621 0.90399699549377022 1.078852839102644 ...
                        ];
smiData.Solid(2).PoI = [-3.9298157496898189E-5 6.6616660176558549E-5 0.063036118292558035 ...
                        ];
smiData.Solid(2).color = [0.792156862745098 0.81960784313725488 0.93333333333333335 ...
                          ];
smiData.Solid(2).opacity = 1;
smiData.Solid(2).ID = '_T6_602S_ARM2_1_2*:*Default';
smiData.Solid(3).mass = 11.629853610884195;
smiData.Solid(3).CoM = [0.03840621669509614 0.72248197616316079 -0.00036401118667383131 ...
                        ];
smiData.Solid(3).MoI = [2.468497635112084 0.68174781493920578 2.805650940382006 ...
                        ];
smiData.Solid(3).PoI = [0.00092429303899453966 -0.0011275020520310273 -0.11404590166956464 ...
                        ];
smiData.Solid(3).color = [0.792156862745098 0.81960784313725488 0.93333333333333335 ...
                          ];
smiData.Solid(3).opacity = 1;
smiData.Solid(3).ID = '_T6_602S_BASE_1_2*:*Default';
smiData.Solid(4).mass = 0.083170674543022377;
smiData.Solid(4).CoM = [-0.0003736773604347395 -0.62989075668657513 0.00012525215522290551 ...
                        ];
smiData.Solid(4).MoI = [0.016381220398663767 9.7835866897550477E-5 0.016380645253096997 ...
                        ];
smiData.Solid(4).PoI = [-3.0344073592319639E-7 -4.5217285124870933E-7 -3.7932319651626747E-7 ...
                        ];
smiData.Solid(4).color = [0.792156862745098 0.81960784313725488 0.93333333333333335 ...
                          ];
smiData.Solid(4).opacity = 1;
smiData.Solid(4).ID = '_T6_602S_SHAFT_1_2*:*Default';
smiData.CylindricalJoint = struct;
smiData.CylindricalJoint.Rz = struct;
smiData.CylindricalJoint.Rz.Pos = 27.43902770541041;
smiData.CylindricalJoint.Pz = struct;
smiData.CylindricalJoint.Pz.Pos = 0;
smiData.CylindricalJoint.ID = ['[_T6_602S_ARM2_1_2-1:-:_T6_602S_SHAFT_1' ...
                               '_2-1]'];
smiData.RevoluteJoint = struct;
smiData.RevoluteJoint(1).Rz = struct;
smiData.RevoluteJoint(1).Rz.Pos = -137.3688722417163;
smiData.RevoluteJoint(1).ID = ['[_T6_602S_BASE_1_2-1:-:_T6_602S_ARM1_1_' ...
                               '2-1]'];
smiData.RevoluteJoint(2).Rz = struct;
smiData.RevoluteJoint(2).Rz.Pos = 71.0245354181439;
smiData.RevoluteJoint(2).ID = ['[_T6_602S_ARM1_1_2-1:-:_T6_602S_ARM2_1_' ...
                               '2-1]'];

